[LEFT_CAM_2K]
fx=1399.37
fy=1399.37
cx=1091.61
cy=633.948
k1=-0.172555
k2=0.0255159
p1=0
p2=0
k3=0

[RIGHT_CAM_2K]
fx=1400.78
fy=1400.78
cx=1176.63
cy=589.897
k1=-0.173858
k2=0.0266897
p1=0
p2=0
k3=0

[LEFT_CAM_FHD]
fx=1399.37
fy=1399.37
cx=947.61
cy=552.948
k1=-0.172555
k2=0.0255159
p1=0
p2=0
k3=0

[RIGHT_CAM_FHD]
fx=1400.78
fy=1400.78
cx=1032.63
cy=508.897
k1=-0.173858
k2=0.0266897
p1=0
p2=0
k3=0

[LEFT_CAM_HD]
fx=699.685
fy=699.685
cx=632.305
cy=364.974
k1=-0.172555
k2=0.0255159
p1=0
p2=0
k3=0

[RIGHT_CAM_HD]
fx=700.39
fy=700.39
cx=674.815
cy=342.9485
k1=-0.173858
k2=0.0266897
p1=0
p2=0
k3=0

[LEFT_CAM_VGA]
fx=349.8425
fy=349.8425
cx=331.6525
cy=189.987
k1=-0.172555
k2=0.0255159
p1=0
p2=0
k3=0

[RIGHT_CAM_VGA]
fx=350.195
fy=350.195
cx=352.9075
cy=178.97425
k1=-0.173858
k2=0.0266897
p1=0
p2=0
k3=0

[STEREO]
Baseline=120
TY=0
TZ=0
CV_2K=-0.000574874
CV_FHD=-0.000574874
CV_HD=-0.000574874
CV_VGA=-0.000574874
RX_2K=-0.00408486
RX_FHD=-0.00408486
RX_HD=-0.00408486
RX_VGA=-0.00408486
RZ_2K=-6.52961e-05
RZ_FHD=-6.52961e-05
RZ_HD=-6.52961e-05
RZ_VGA=-6.52961e-05

[MISC]
Sensor_ID=0


