[LEFT_CAM_2K]
fx=1400.63
fy=1400.63
cx=1167.45
cy=609.582
k1=-0.167586
k2=0.0209213
p1=0
p2=0
k3=0

[RIGHT_CAM_2K]
fx=1399.44
fy=1399.44
cx=1115.07
cy=619.784
k1=-0.171149
k2=0.0247879
p1=0
p2=0
k3=0

[LEFT_CAM_FHD]
fx=1400.63
fy=1400.63
cx=1023.45
cy=528.582
k1=-0.167586
k2=0.0209213
p1=0
p2=0
k3=0

[RIGHT_CAM_FHD]
fx=1399.44
fy=1399.44
cx=971.07
cy=538.784
k1=-0.171149
k2=0.0247879
p1=0
p2=0
k3=0

[LEFT_CAM_HD]
fx=700.315
fy=700.315
cx=670.225
cy=352.791
k1=-0.167586
k2=0.0209213
p1=0
p2=0
k3=0

[RIGHT_CAM_HD]
fx=699.72
fy=699.72
cx=644.035
cy=357.892
k1=-0.171149
k2=0.0247879
p1=0
p2=0
k3=0

[LEFT_CAM_VGA]
fx=350.1575
fy=350.1575
cx=350.6125
cy=183.8955
k1=-0.167586
k2=0.0209213
p1=0
p2=0
k3=0

[RIGHT_CAM_VGA]
fx=349.86
fy=349.86
cx=337.5175
cy=186.446
k1=-0.171149
k2=0.0247879
p1=0
p2=0
k3=0

[STEREO]
Baseline=120
TY=0
TZ=0
CV_2K=0.0148854
CV_FHD=0.0148854
CV_HD=0.0148854
CV_VGA=0.0148854
RX_2K=-0.00324731
RX_FHD=-0.00324731
RX_HD=-0.00324731
RX_VGA=-0.00324731
RZ_2K=-0.000352576
RZ_FHD=-0.000352576
RZ_HD=-0.000352576
RZ_VGA=-0.000352576

[MISC]
Sensor_ID=0


